{
  "tasks": [
    "ceo_lastname",
    "employees_count_total",
    "headquarters_city",
    "headquarters_state",
    "holder_record_amount",
    "incorporation_state",
    "incorporation_year",
    "registrant_name"
  ],
  "top_k": {
    "8": [
      [
        1.0,
        0.45454545454545453,
        0.6,
        0.6,
        0.45454545454545453,
        0.45454545454545453,
        0.45454545454545453,
        0.3333333333333333
      ],
      [
        0.45454545454545453,
        1.0,
        0.6,
        0.6,
        0.3333333333333333,
        0.45454545454545453,
        0.6,
        0.3333333333333333
      ],
      [
        0.6,
        0.6,
        1.0,
        0.7777777777777778,
        0.45454545454545453,
        0.7777777777777778,
        0.7777777777777778,
        0.45454545454545453
      ],
      [
        0.6,
        0.6,
        0.7777777777777778,
        1.0,
        0.45454545454545453,
        0.6,
        0.6,
        0.6
      ],
      [
        0.45454545454545453,
        0.3333333333333333,
        0.45454545454545453,
        0.45454545454545453,
        1.0,
        0.3333333333333333,
        0.3333333333333333,
        0.23076923076923078
      ],
      [
        0.45454545454545453,
        0.45454545454545453,
        0.7777777777777778,
        0.6,
        0.3333333333333333,
        1.0,
        0.7777777777777778,
        0.6
      ],
      [
        0.45454545454545453,
        0.6,
        0.7777777777777778,
        0.6,
        0.3333333333333333,
        0.7777777777777778,
        1.0,
        0.45454545454545453
      ],
      [
        0.3333333333333333,
        0.3333333333333333,
        0.45454545454545453,
        0.6,
        0.23076923076923078,
        0.6,
        0.45454545454545453,
        1.0
      ]
    ],
    "16": [
      [
        1.0,
        0.28,
        0.391304347826087,
        0.391304347826087,
        0.391304347826087,
        0.5238095238095238,
        0.45454545454545453,
        0.45454545454545453
      ],
      [
        0.28,
        1.0,
        0.45454545454545453,
        0.5238095238095238,
        0.3333333333333333,
        0.5238095238095238,
        0.45454545454545453,
        0.391304347826087
      ],
      [
        0.391304347826087,
        0.45454545454545453,
        1.0,
        0.8823529411764706,
        0.45454545454545453,
        0.7777777777777778,
        0.7777777777777778,
        0.6842105263157895
      ],
      [
        0.391304347826087,
        0.5238095238095238,
        0.8823529411764706,
        1.0,
        0.391304347826087,
        0.7777777777777778,
        0.7777777777777778,
        0.6842105263157895
      ],
      [
        0.391304347826087,
        0.3333333333333333,
        0.45454545454545453,
        0.391304347826087,
        1.0,
        0.391304347826087,
        0.391304347826087,
        0.45454545454545453
      ],
      [
        0.5238095238095238,
        0.5238095238095238,
        0.7777777777777778,
        0.7777777777777778,
        0.391304347826087,
        1.0,
        0.8823529411764706,
        0.6
      ],
      [
        0.45454545454545453,
        0.45454545454545453,
        0.7777777777777778,
        0.7777777777777778,
        0.391304347826087,
        0.8823529411764706,
        1.0,
        0.6
      ],
      [
        0.45454545454545453,
        0.391304347826087,
        0.6842105263157895,
        0.6842105263157895,
        0.45454545454545453,
        0.6,
        0.6,
        1.0
      ]
    ],
    "32": [
      [
        1.0,
        0.6,
        0.4883720930232558,
        0.4883720930232558,
        0.4222222222222222,
        0.4883720930232558,
        0.45454545454545453,
        0.4222222222222222
      ],
      [
        0.6,
        1.0,
        0.5238095238095238,
        0.5238095238095238,
        0.5238095238095238,
        0.6410256410256411,
        0.6410256410256411,
        0.391304347826087
      ],
      [
        0.4883720930232558,
        0.5238095238095238,
        1.0,
        1.0,
        0.5238095238095238,
        0.6842105263157895,
        0.6410256410256411,
        0.6410256410256411
      ],
      [
        0.4883720930232558,
        0.5238095238095238,
        1.0,
        1.0,
        0.5238095238095238,
        0.6842105263157895,
        0.6410256410256411,
        0.6410256410256411
      ],
      [
        0.4222222222222222,
        0.5238095238095238,
        0.5238095238095238,
        0.5238095238095238,
        1.0,
        0.5238095238095238,
        0.4883720930232558,
        0.4222222222222222
      ],
      [
        0.4883720930232558,
        0.6410256410256411,
        0.6842105263157895,
        0.6842105263157895,
        0.5238095238095238,
        1.0,
        0.7777777777777778,
        0.5238095238095238
      ],
      [
        0.45454545454545453,
        0.6410256410256411,
        0.6410256410256411,
        0.6410256410256411,
        0.4883720930232558,
        0.7777777777777778,
        1.0,
        0.4883720930232558
      ],
      [
        0.4222222222222222,
        0.391304347826087,
        0.6410256410256411,
        0.6410256410256411,
        0.4222222222222222,
        0.5238095238095238,
        0.4883720930232558,
        1.0
      ]
    ],
    "48": [
      [
        1.0,
        0.5737704918032787,
        0.47692307692307695,
        0.5,
        0.5483870967741935,
        0.45454545454545453,
        0.45454545454545453,
        0.5483870967741935
      ],
      [
        0.5737704918032787,
        1.0,
        0.5,
        0.5483870967741935,
        0.5238095238095238,
        0.5737704918032787,
        0.5737704918032787,
        0.391304347826087
      ],
      [
        0.47692307692307695,
        0.5,
        1.0,
        0.92,
        0.6,
        0.6551724137931034,
        0.6271186440677966,
        0.5483870967741935
      ],
      [
        0.5,
        0.5483870967741935,
        0.92,
        1.0,
        0.6271186440677966,
        0.6842105263157895,
        0.6551724137931034,
        0.5238095238095238
      ],
      [
        0.5483870967741935,
        0.5238095238095238,
        0.6,
        0.6271186440677966,
        1.0,
        0.6551724137931034,
        0.6271186440677966,
        0.43283582089552236
      ],
      [
        0.45454545454545453,
        0.5737704918032787,
        0.6551724137931034,
        0.6842105263157895,
        0.6551724137931034,
        1.0,
        0.9591836734693877,
        0.45454545454545453
      ],
      [
        0.45454545454545453,
        0.5737704918032787,
        0.6271186440677966,
        0.6551724137931034,
        0.6271186440677966,
        0.9591836734693877,
        1.0,
        0.43283582089552236
      ],
      [
        0.5483870967741935,
        0.391304347826087,
        0.5483870967741935,
        0.5238095238095238,
        0.43283582089552236,
        0.45454545454545453,
        0.43283582089552236,
        1.0
      ]
    ],
    "64": [
      [
        1.0,
        0.620253164556962,
        0.5238095238095238,
        0.5058823529411764,
        0.620253164556962,
        0.5238095238095238,
        0.5609756097560976,
        0.5421686746987951
      ],
      [
        0.620253164556962,
        1.0,
        0.5238095238095238,
        0.5238095238095238,
        0.5609756097560976,
        0.5609756097560976,
        0.5802469135802469,
        0.47126436781609193
      ],
      [
        0.5238095238095238,
        0.5238095238095238,
        1.0,
        0.8823529411764706,
        0.5058823529411764,
        0.6842105263157895,
        0.6842105263157895,
        0.5802469135802469
      ],
      [
        0.5058823529411764,
        0.5238095238095238,
        0.8823529411764706,
        1.0,
        0.4883720930232558,
        0.6842105263157895,
        0.6842105263157895,
        0.5421686746987951
      ],
      [
        0.620253164556962,
        0.5609756097560976,
        0.5058823529411764,
        0.4883720930232558,
        1.0,
        0.5421686746987951,
        0.5802469135802469,
        0.47126436781609193
      ],
      [
        0.5238095238095238,
        0.5609756097560976,
        0.6842105263157895,
        0.6842105263157895,
        0.5421686746987951,
        1.0,
        0.9104477611940298,
        0.5058823529411764
      ],
      [
        0.5609756097560976,
        0.5802469135802469,
        0.6842105263157895,
        0.6842105263157895,
        0.5802469135802469,
        0.9104477611940298,
        1.0,
        0.5421686746987951
      ],
      [
        0.5421686746987951,
        0.47126436781609193,
        0.5802469135802469,
        0.5421686746987951,
        0.47126436781609193,
        0.5058823529411764,
        0.5421686746987951,
        1.0
      ]
    ],
    "96": [
      [
        1.0,
        0.6134453781512605,
        0.6,
        0.6271186440677966,
        0.5867768595041323,
        0.5867768595041323,
        0.5867768595041323,
        0.5609756097560976
      ],
      [
        0.6134453781512605,
        1.0,
        0.6991150442477876,
        0.6991150442477876,
        0.6134453781512605,
        0.6551724137931034,
        0.6410256410256411,
        0.5867768595041323
      ],
      [
        0.6,
        0.6991150442477876,
        1.0,
        0.9393939393939394,
        0.5867768595041323,
        0.7142857142857143,
        0.6842105263157895,
        0.6695652173913044
      ],
      [
        0.6271186440677966,
        0.6991150442477876,
        0.9393939393939394,
        1.0,
        0.5867768595041323,
        0.7142857142857143,
        0.6842105263157895,
        0.6695652173913044
      ],
      [
        0.5867768595041323,
        0.6134453781512605,
        0.5867768595041323,
        0.5867768595041323,
        1.0,
        0.6,
        0.5737704918032787,
        0.4883720930232558
      ],
      [
        0.5867768595041323,
        0.6551724137931034,
        0.7142857142857143,
        0.7142857142857143,
        0.6,
        1.0,
        0.8823529411764706,
        0.6134453781512605
      ],
      [
        0.5867768595041323,
        0.6410256410256411,
        0.6842105263157895,
        0.6842105263157895,
        0.5737704918032787,
        0.8823529411764706,
        1.0,
        0.5737704918032787
      ],
      [
        0.5609756097560976,
        0.5867768595041323,
        0.6695652173913044,
        0.6695652173913044,
        0.4883720930232558,
        0.6134453781512605,
        0.5737704918032787,
        1.0
      ]
    ],
    "128": [
      [
        1.0,
        0.6410256410256411,
        0.6623376623376623,
        0.6516129032258065,
        0.6305732484076433,
        0.620253164556962,
        0.610062893081761,
        0.610062893081761
      ],
      [
        0.6410256410256411,
        1.0,
        0.6623376623376623,
        0.6623376623376623,
        0.6623376623376623,
        0.6305732484076433,
        0.620253164556962,
        0.6
      ],
      [
        0.6623376623376623,
        0.6623376623376623,
        1.0,
        0.9541984732824428,
        0.620253164556962,
        0.7534246575342466,
        0.7297297297297297,
        0.7534246575342466
      ],
      [
        0.6516129032258065,
        0.6623376623376623,
        0.9541984732824428,
        1.0,
        0.610062893081761,
        0.7655172413793103,
        0.7181208053691275,
        0.7414965986394558
      ],
      [
        0.6305732484076433,
        0.6623376623376623,
        0.620253164556962,
        0.610062893081761,
        1.0,
        0.6305732484076433,
        0.610062893081761,
        0.5900621118012422
      ],
      [
        0.620253164556962,
        0.6305732484076433,
        0.7534246575342466,
        0.7655172413793103,
        0.6305732484076433,
        1.0,
        0.8823529411764706,
        0.7181208053691275
      ],
      [
        0.610062893081761,
        0.620253164556962,
        0.7297297297297297,
        0.7181208053691275,
        0.610062893081761,
        0.8823529411764706,
        1.0,
        0.673202614379085
      ],
      [
        0.610062893081761,
        0.6,
        0.7534246575342466,
        0.7414965986394558,
        0.5900621118012422,
        0.7181208053691275,
        0.673202614379085,
        1.0
      ]
    ]
  }
}