{
  "tasks": [
    "ceo_lastname",
    "employees_count_total",
    "headquarters_city",
    "headquarters_state",
    "holder_record_amount",
    "incorporation_state",
    "incorporation_year",
    "registrant_name"
  ],
  "top_k": {
    "8": [
      [
        1.0,
        0.23076923076923078,
        0.23076923076923078,
        0.23076923076923078,
        0.23076923076923078,
        0.14285714285714285,
        0.14285714285714285,
        0.14285714285714285
      ],
      [
        0.23076923076923078,
        1.0,
        0.7777777777777778,
        0.6,
        0.45454545454545453,
        0.6,
        0.6,
        0.6
      ],
      [
        0.23076923076923078,
        0.7777777777777778,
        1.0,
        0.6,
        0.45454545454545453,
        0.45454545454545453,
        0.45454545454545453,
        0.45454545454545453
      ],
      [
        0.23076923076923078,
        0.6,
        0.6,
        1.0,
        0.23076923076923078,
        0.6,
        0.6,
        0.6
      ],
      [
        0.23076923076923078,
        0.45454545454545453,
        0.45454545454545453,
        0.23076923076923078,
        1.0,
        0.3333333333333333,
        0.3333333333333333,
        0.23076923076923078
      ],
      [
        0.14285714285714285,
        0.6,
        0.45454545454545453,
        0.6,
        0.3333333333333333,
        1.0,
        1.0,
        0.7777777777777778
      ],
      [
        0.14285714285714285,
        0.6,
        0.45454545454545453,
        0.6,
        0.3333333333333333,
        1.0,
        1.0,
        0.7777777777777778
      ],
      [
        0.14285714285714285,
        0.6,
        0.45454545454545453,
        0.6,
        0.23076923076923078,
        0.7777777777777778,
        0.7777777777777778,
        1.0
      ]
    ],
    "16": [
      [
        1.0,
        0.28,
        0.28,
        0.3333333333333333,
        0.28,
        0.23076923076923078,
        0.23076923076923078,
        0.14285714285714285
      ],
      [
        0.28,
        1.0,
        0.5238095238095238,
        0.5238095238095238,
        0.45454545454545453,
        0.391304347826087,
        0.5238095238095238,
        0.391304347826087
      ],
      [
        0.28,
        0.5238095238095238,
        1.0,
        0.8823529411764706,
        0.5238095238095238,
        0.6842105263157895,
        0.8823529411764706,
        0.5238095238095238
      ],
      [
        0.3333333333333333,
        0.5238095238095238,
        0.8823529411764706,
        1.0,
        0.5238095238095238,
        0.6,
        0.7777777777777778,
        0.5238095238095238
      ],
      [
        0.28,
        0.45454545454545453,
        0.5238095238095238,
        0.5238095238095238,
        1.0,
        0.5238095238095238,
        0.5238095238095238,
        0.28
      ],
      [
        0.23076923076923078,
        0.391304347826087,
        0.6842105263157895,
        0.6,
        0.5238095238095238,
        1.0,
        0.7777777777777778,
        0.3333333333333333
      ],
      [
        0.23076923076923078,
        0.5238095238095238,
        0.8823529411764706,
        0.7777777777777778,
        0.5238095238095238,
        0.7777777777777778,
        1.0,
        0.45454545454545453
      ],
      [
        0.14285714285714285,
        0.391304347826087,
        0.5238095238095238,
        0.5238095238095238,
        0.28,
        0.3333333333333333,
        0.45454545454545453,
        1.0
      ]
    ],
    "32": [
      [
        1.0,
        0.3333333333333333,
        0.28,
        0.2549019607843137,
        0.4222222222222222,
        0.23076923076923078,
        0.23076923076923078,
        0.28
      ],
      [
        0.3333333333333333,
        1.0,
        0.45454545454545453,
        0.391304347826087,
        0.4222222222222222,
        0.3617021276595745,
        0.391304347826087,
        0.3617021276595745
      ],
      [
        0.28,
        0.45454545454545453,
        1.0,
        0.7777777777777778,
        0.391304347826087,
        0.5238095238095238,
        0.5238095238095238,
        0.6410256410256411
      ],
      [
        0.2549019607843137,
        0.391304347826087,
        0.7777777777777778,
        1.0,
        0.4222222222222222,
        0.6,
        0.5609756097560976,
        0.6410256410256411
      ],
      [
        0.4222222222222222,
        0.4222222222222222,
        0.391304347826087,
        0.4222222222222222,
        1.0,
        0.45454545454545453,
        0.4222222222222222,
        0.391304347826087
      ],
      [
        0.23076923076923078,
        0.3617021276595745,
        0.5238095238095238,
        0.6,
        0.45454545454545453,
        1.0,
        0.7777777777777778,
        0.45454545454545453
      ],
      [
        0.23076923076923078,
        0.391304347826087,
        0.5238095238095238,
        0.5609756097560976,
        0.4222222222222222,
        0.7777777777777778,
        1.0,
        0.45454545454545453
      ],
      [
        0.28,
        0.3617021276595745,
        0.6410256410256411,
        0.6410256410256411,
        0.391304347826087,
        0.45454545454545453,
        0.45454545454545453,
        1.0
      ]
    ],
    "48": [
      [
        1.0,
        0.37142857142857144,
        0.2972972972972973,
        0.2972972972972973,
        0.4117647058823529,
        0.24675324675324675,
        0.2631578947368421,
        0.3150684931506849
      ],
      [
        0.37142857142857144,
        1.0,
        0.5238095238095238,
        0.5,
        0.4117647058823529,
        0.4117647058823529,
        0.43283582089552236,
        0.5
      ],
      [
        0.2972972972972973,
        0.5238095238095238,
        1.0,
        0.8823529411764706,
        0.4117647058823529,
        0.5483870967741935,
        0.5737704918032787,
        0.6
      ],
      [
        0.2972972972972973,
        0.5,
        0.8823529411764706,
        1.0,
        0.4117647058823529,
        0.5483870967741935,
        0.6,
        0.6
      ],
      [
        0.4117647058823529,
        0.4117647058823529,
        0.4117647058823529,
        0.4117647058823529,
        1.0,
        0.4117647058823529,
        0.4117647058823529,
        0.37142857142857144
      ],
      [
        0.24675324675324675,
        0.4117647058823529,
        0.5483870967741935,
        0.5483870967741935,
        0.4117647058823529,
        1.0,
        0.8113207547169812,
        0.47692307692307695
      ],
      [
        0.2631578947368421,
        0.43283582089552236,
        0.5737704918032787,
        0.6,
        0.4117647058823529,
        0.8113207547169812,
        1.0,
        0.5483870967741935
      ],
      [
        0.3150684931506849,
        0.5,
        0.6,
        0.6,
        0.37142857142857144,
        0.47692307692307695,
        0.5483870967741935,
        1.0
      ]
    ],
    "64": [
      [
        1.0,
        0.3763440860215054,
        0.3617021276595745,
        0.3473684210526316,
        0.4222222222222222,
        0.29292929292929293,
        0.26732673267326734,
        0.29292929292929293
      ],
      [
        0.3763440860215054,
        1.0,
        0.5058823529411764,
        0.47126436781609193,
        0.4222222222222222,
        0.43820224719101125,
        0.43820224719101125,
        0.4883720930232558
      ],
      [
        0.3617021276595745,
        0.5058823529411764,
        1.0,
        0.8823529411764706,
        0.4065934065934066,
        0.6842105263157895,
        0.6623376623376623,
        0.5609756097560976
      ],
      [
        0.3473684210526316,
        0.47126436781609193,
        0.8823529411764706,
        1.0,
        0.391304347826087,
        0.6842105263157895,
        0.6410256410256411,
        0.5238095238095238
      ],
      [
        0.4222222222222222,
        0.4222222222222222,
        0.4065934065934066,
        0.391304347826087,
        1.0,
        0.43820224719101125,
        0.4222222222222222,
        0.3333333333333333
      ],
      [
        0.29292929292929293,
        0.43820224719101125,
        0.6842105263157895,
        0.6842105263157895,
        0.43820224719101125,
        1.0,
        0.8285714285714286,
        0.5609756097560976
      ],
      [
        0.26732673267326734,
        0.43820224719101125,
        0.6623376623376623,
        0.6410256410256411,
        0.4222222222222222,
        0.8285714285714286,
        1.0,
        0.6
      ],
      [
        0.29292929292929293,
        0.4883720930232558,
        0.5609756097560976,
        0.5238095238095238,
        0.3333333333333333,
        0.5609756097560976,
        0.6,
        1.0
      ]
    ],
    "96": [
      [
        1.0,
        0.46564885496183206,
        0.46564885496183206,
        0.44360902255639095,
        0.5483870967741935,
        0.4117647058823529,
        0.391304347826087,
        0.40145985401459855
      ],
      [
        0.46564885496183206,
        1.0,
        0.5118110236220472,
        0.536,
        0.47692307692307695,
        0.46564885496183206,
        0.5,
        0.5118110236220472
      ],
      [
        0.46564885496183206,
        0.5118110236220472,
        1.0,
        0.8823529411764706,
        0.46564885496183206,
        0.6551724137931034,
        0.6842105263157895,
        0.6551724137931034
      ],
      [
        0.44360902255639095,
        0.536,
        0.8823529411764706,
        1.0,
        0.47692307692307695,
        0.6991150442477876,
        0.6991150442477876,
        0.6410256410256411
      ],
      [
        0.5483870967741935,
        0.47692307692307695,
        0.46564885496183206,
        0.47692307692307695,
        1.0,
        0.5238095238095238,
        0.5118110236220472,
        0.43283582089552236
      ],
      [
        0.4117647058823529,
        0.46564885496183206,
        0.6551724137931034,
        0.6991150442477876,
        0.5238095238095238,
        1.0,
        0.8461538461538461,
        0.6271186440677966
      ],
      [
        0.391304347826087,
        0.5,
        0.6842105263157895,
        0.6991150442477876,
        0.5118110236220472,
        0.8461538461538461,
        1.0,
        0.6551724137931034
      ],
      [
        0.40145985401459855,
        0.5118110236220472,
        0.6551724137931034,
        0.6410256410256411,
        0.43283582089552236,
        0.6271186440677966,
        0.6551724137931034,
        1.0
      ]
    ],
    "128": [
      [
        1.0,
        0.49707602339181284,
        0.514792899408284,
        0.5058823529411764,
        0.5705521472392638,
        0.47126436781609193,
        0.43820224719101125,
        0.46285714285714286
      ],
      [
        0.49707602339181284,
        1.0,
        0.6842105263157895,
        0.6623376623376623,
        0.49707602339181284,
        0.610062893081761,
        0.6,
        0.6305732484076433
      ],
      [
        0.514792899408284,
        0.6842105263157895,
        1.0,
        0.924812030075188,
        0.620253164556962,
        0.8285714285714286,
        0.7902097902097902,
        0.7534246575342466
      ],
      [
        0.5058823529411764,
        0.6623376623376623,
        0.924812030075188,
        1.0,
        0.5900621118012422,
        0.8156028368794326,
        0.7777777777777778,
        0.7655172413793103
      ],
      [
        0.5705521472392638,
        0.49707602339181284,
        0.620253164556962,
        0.5900621118012422,
        1.0,
        0.610062893081761,
        0.5900621118012422,
        0.5421686746987951
      ],
      [
        0.47126436781609193,
        0.610062893081761,
        0.8285714285714286,
        0.8156028368794326,
        0.610062893081761,
        1.0,
        0.8962962962962963,
        0.7534246575342466
      ],
      [
        0.43820224719101125,
        0.6,
        0.7902097902097902,
        0.7777777777777778,
        0.5900621118012422,
        0.8962962962962963,
        1.0,
        0.7414965986394558
      ],
      [
        0.46285714285714286,
        0.6305732484076433,
        0.7534246575342466,
        0.7655172413793103,
        0.5421686746987951,
        0.7534246575342466,
        0.7414965986394558,
        1.0
      ]
    ]
  },
  "model_name": "Qwen/Qwen2.5-7B-Instruct",
  "model_slug": "Qwen__Qwen2.5-7B-Instruct",
  "model_family": "qwen"
}
