{
  "model_name": "allenai/OLMo-7B-Instruct-hf",
  "model_slug": "allenai__OLMo-7B-Instruct-hf",
  "model_family": "olmo",
  "tasks": [
    "registrant_name",
    "headquarters_city",
    "headquarters_state",
    "incorporation_state",
    "incorporation_year",
    "employees_count_total",
    "ceo_lastname",
    "holder_record_amount"
  ],
  "ranking_paths": {
    "registrant_name": "/home/ubuntu/qr_scoring/results/detection/allenai__OLMo-7B-Instruct-hf/long_context_registrant_name_heads.json",
    "headquarters_city": "/home/ubuntu/qr_scoring/results/detection/allenai__OLMo-7B-Instruct-hf/long_context_headquarters_city_heads.json",
    "headquarters_state": "/home/ubuntu/qr_scoring/results/detection/allenai__OLMo-7B-Instruct-hf/long_context_headquarters_state_heads.json",
    "incorporation_state": "/home/ubuntu/qr_scoring/results/detection/allenai__OLMo-7B-Instruct-hf/long_context_incorporation_state_heads.json",
    "incorporation_year": "/home/ubuntu/qr_scoring/results/detection/allenai__OLMo-7B-Instruct-hf/long_context_incorporation_year_heads.json",
    "employees_count_total": "/home/ubuntu/qr_scoring/results/detection/allenai__OLMo-7B-Instruct-hf/long_context_employees_count_total_heads.json",
    "ceo_lastname": "/home/ubuntu/qr_scoring/results/detection/allenai__OLMo-7B-Instruct-hf/long_context_ceo_lastname_heads.json",
    "holder_record_amount": "/home/ubuntu/qr_scoring/results/detection/allenai__OLMo-7B-Instruct-hf/long_context_holder_record_amount_heads.json"
  },
  "top_k": {
    "8": [
      [
        1.0,
        0.45454545454545453,
        0.45454545454545453,
        0.45454545454545453,
        0.6,
        0.45454545454545453,
        0.23076923076923078,
        0.3333333333333333
      ],
      [
        0.45454545454545453,
        1.0,
        0.7777777777777778,
        0.7777777777777778,
        0.7777777777777778,
        0.3333333333333333,
        0.3333333333333333,
        0.45454545454545453
      ],
      [
        0.45454545454545453,
        0.7777777777777778,
        1.0,
        0.7777777777777778,
        0.7777777777777778,
        0.3333333333333333,
        0.23076923076923078,
        0.3333333333333333
      ],
      [
        0.45454545454545453,
        0.7777777777777778,
        0.7777777777777778,
        1.0,
        0.7777777777777778,
        0.3333333333333333,
        0.3333333333333333,
        0.3333333333333333
      ],
      [
        0.6,
        0.7777777777777778,
        0.7777777777777778,
        0.7777777777777778,
        1.0,
        0.45454545454545453,
        0.3333333333333333,
        0.45454545454545453
      ],
      [
        0.45454545454545453,
        0.3333333333333333,
        0.3333333333333333,
        0.3333333333333333,
        0.45454545454545453,
        1.0,
        0.3333333333333333,
        0.45454545454545453
      ],
      [
        0.23076923076923078,
        0.3333333333333333,
        0.23076923076923078,
        0.3333333333333333,
        0.3333333333333333,
        0.3333333333333333,
        1.0,
        0.45454545454545453
      ],
      [
        0.3333333333333333,
        0.45454545454545453,
        0.3333333333333333,
        0.3333333333333333,
        0.45454545454545453,
        0.45454545454545453,
        0.45454545454545453,
        1.0
      ]
    ],
    "16": [
      [
        1.0,
        0.45454545454545453,
        0.5238095238095238,
        0.6,
        0.6,
        0.391304347826087,
        0.391304347826087,
        0.391304347826087
      ],
      [
        0.45454545454545453,
        1.0,
        0.7777777777777778,
        0.6842105263157895,
        0.7777777777777778,
        0.5238095238095238,
        0.45454545454545453,
        0.5238095238095238
      ],
      [
        0.5238095238095238,
        0.7777777777777778,
        1.0,
        0.7777777777777778,
        0.7777777777777778,
        0.45454545454545453,
        0.391304347826087,
        0.45454545454545453
      ],
      [
        0.6,
        0.6842105263157895,
        0.7777777777777778,
        1.0,
        0.8823529411764706,
        0.391304347826087,
        0.391304347826087,
        0.391304347826087
      ],
      [
        0.6,
        0.7777777777777778,
        0.7777777777777778,
        0.8823529411764706,
        1.0,
        0.45454545454545453,
        0.45454545454545453,
        0.45454545454545453
      ],
      [
        0.391304347826087,
        0.5238095238095238,
        0.45454545454545453,
        0.391304347826087,
        0.45454545454545453,
        1.0,
        0.45454545454545453,
        0.6
      ],
      [
        0.391304347826087,
        0.45454545454545453,
        0.391304347826087,
        0.391304347826087,
        0.45454545454545453,
        0.45454545454545453,
        1.0,
        0.6
      ],
      [
        0.391304347826087,
        0.5238095238095238,
        0.45454545454545453,
        0.391304347826087,
        0.45454545454545453,
        0.6,
        0.6,
        1.0
      ]
    ],
    "32": [
      [
        1.0,
        0.5609756097560976,
        0.5609756097560976,
        0.6842105263157895,
        0.6842105263157895,
        0.4222222222222222,
        0.4883720930232558,
        0.5238095238095238
      ],
      [
        0.5609756097560976,
        1.0,
        0.8285714285714286,
        0.7297297297297297,
        0.7777777777777778,
        0.4222222222222222,
        0.5238095238095238,
        0.5238095238095238
      ],
      [
        0.5609756097560976,
        0.8285714285714286,
        1.0,
        0.6842105263157895,
        0.7297297297297297,
        0.5238095238095238,
        0.4883720930232558,
        0.5609756097560976
      ],
      [
        0.6842105263157895,
        0.7297297297297297,
        0.6842105263157895,
        1.0,
        0.8823529411764706,
        0.391304347826087,
        0.4883720930232558,
        0.45454545454545453
      ],
      [
        0.6842105263157895,
        0.7777777777777778,
        0.7297297297297297,
        0.8823529411764706,
        1.0,
        0.45454545454545453,
        0.5609756097560976,
        0.5238095238095238
      ],
      [
        0.4222222222222222,
        0.4222222222222222,
        0.5238095238095238,
        0.391304347826087,
        0.45454545454545453,
        1.0,
        0.45454545454545453,
        0.5609756097560976
      ],
      [
        0.4883720930232558,
        0.5238095238095238,
        0.4883720930232558,
        0.4883720930232558,
        0.5609756097560976,
        0.45454545454545453,
        1.0,
        0.4883720930232558
      ],
      [
        0.5238095238095238,
        0.5238095238095238,
        0.5609756097560976,
        0.45454545454545453,
        0.5238095238095238,
        0.5609756097560976,
        0.4883720930232558,
        1.0
      ]
    ],
    "48": [
      [
        1.0,
        0.6551724137931034,
        0.6842105263157895,
        0.7777777777777778,
        0.7777777777777778,
        0.45454545454545453,
        0.5737704918032787,
        0.5238095238095238
      ],
      [
        0.6551724137931034,
        1.0,
        0.8823529411764706,
        0.6551724137931034,
        0.6842105263157895,
        0.47692307692307695,
        0.5483870967741935,
        0.6
      ],
      [
        0.6842105263157895,
        0.8823529411764706,
        1.0,
        0.7454545454545455,
        0.7454545454545455,
        0.45454545454545453,
        0.5,
        0.5737704918032787
      ],
      [
        0.7777777777777778,
        0.6551724137931034,
        0.7454545454545455,
        1.0,
        0.8461538461538461,
        0.45454545454545453,
        0.5238095238095238,
        0.5
      ],
      [
        0.7777777777777778,
        0.6842105263157895,
        0.7454545454545455,
        0.8461538461538461,
        1.0,
        0.45454545454545453,
        0.5238095238095238,
        0.5238095238095238
      ],
      [
        0.45454545454545453,
        0.47692307692307695,
        0.45454545454545453,
        0.45454545454545453,
        0.45454545454545453,
        1.0,
        0.5,
        0.6842105263157895
      ],
      [
        0.5737704918032787,
        0.5483870967741935,
        0.5,
        0.5238095238095238,
        0.5238095238095238,
        0.5,
        1.0,
        0.5737704918032787
      ],
      [
        0.5238095238095238,
        0.6,
        0.5737704918032787,
        0.5,
        0.5238095238095238,
        0.6842105263157895,
        0.5737704918032787,
        1.0
      ]
    ],
    "64": [
      [
        1.0,
        0.6842105263157895,
        0.7066666666666667,
        0.8285714285714286,
        0.8028169014084507,
        0.5609756097560976,
        0.5421686746987951,
        0.620253164556962
      ],
      [
        0.6842105263157895,
        1.0,
        0.9393939393939394,
        0.7777777777777778,
        0.7297297297297297,
        0.620253164556962,
        0.5609756097560976,
        0.7297297297297297
      ],
      [
        0.7066666666666667,
        0.9393939393939394,
        1.0,
        0.7534246575342466,
        0.7066666666666667,
        0.6623376623376623,
        0.5802469135802469,
        0.7534246575342466
      ],
      [
        0.8285714285714286,
        0.7777777777777778,
        0.7534246575342466,
        1.0,
        0.8823529411764706,
        0.5609756097560976,
        0.5238095238095238,
        0.6623376623376623
      ],
      [
        0.8028169014084507,
        0.7297297297297297,
        0.7066666666666667,
        0.8823529411764706,
        1.0,
        0.5609756097560976,
        0.5238095238095238,
        0.620253164556962
      ],
      [
        0.5609756097560976,
        0.620253164556962,
        0.6623376623376623,
        0.5609756097560976,
        0.5609756097560976,
        1.0,
        0.620253164556962,
        0.7777777777777778
      ],
      [
        0.5421686746987951,
        0.5609756097560976,
        0.5802469135802469,
        0.5238095238095238,
        0.5238095238095238,
        0.620253164556962,
        1.0,
        0.620253164556962
      ],
      [
        0.620253164556962,
        0.7297297297297297,
        0.7534246575342466,
        0.6623376623376623,
        0.620253164556962,
        0.7777777777777778,
        0.620253164556962,
        1.0
      ]
    ],
    "96": [
      [
        1.0,
        0.6991150442477876,
        0.7142857142857143,
        0.794392523364486,
        0.8285714285714286,
        0.6271186440677966,
        0.6,
        0.6271186440677966
      ],
      [
        0.6991150442477876,
        1.0,
        0.9591836734693877,
        0.8113207547169812,
        0.794392523364486,
        0.6842105263157895,
        0.6271186440677966,
        0.7142857142857143
      ],
      [
        0.7142857142857143,
        0.9591836734693877,
        1.0,
        0.8113207547169812,
        0.7777777777777778,
        0.7142857142857143,
        0.6410256410256411,
        0.7297297297297297
      ],
      [
        0.794392523364486,
        0.8113207547169812,
        0.8113207547169812,
        1.0,
        0.8823529411764706,
        0.6410256410256411,
        0.6134453781512605,
        0.6551724137931034
      ],
      [
        0.8285714285714286,
        0.794392523364486,
        0.7777777777777778,
        0.8823529411764706,
        1.0,
        0.6551724137931034,
        0.6271186440677966,
        0.6551724137931034
      ],
      [
        0.6271186440677966,
        0.6842105263157895,
        0.7142857142857143,
        0.6410256410256411,
        0.6551724137931034,
        1.0,
        0.7454545454545455,
        0.7454545454545455
      ],
      [
        0.6,
        0.6271186440677966,
        0.6410256410256411,
        0.6134453781512605,
        0.6271186440677966,
        0.7454545454545455,
        1.0,
        0.7454545454545455
      ],
      [
        0.6271186440677966,
        0.7142857142857143,
        0.7297297297297297,
        0.6551724137931034,
        0.6551724137931034,
        0.7454545454545455,
        0.7454545454545455,
        1.0
      ]
    ],
    "128": [
      [
        1.0,
        0.7902097902097902,
        0.7777777777777778,
        0.8156028368794326,
        0.855072463768116,
        0.7181208053691275,
        0.6516129032258065,
        0.7066666666666667
      ],
      [
        0.7902097902097902,
        1.0,
        0.9104477611940298,
        0.7902097902097902,
        0.7902097902097902,
        0.8156028368794326,
        0.7297297297297297,
        0.7902097902097902
      ],
      [
        0.7777777777777778,
        0.9104477611940298,
        1.0,
        0.8028169014084507,
        0.7777777777777778,
        0.7902097902097902,
        0.695364238410596,
        0.7655172413793103
      ],
      [
        0.8156028368794326,
        0.7902097902097902,
        0.8028169014084507,
        1.0,
        0.8962962962962963,
        0.695364238410596,
        0.620253164556962,
        0.6842105263157895
      ],
      [
        0.855072463768116,
        0.7902097902097902,
        0.7777777777777778,
        0.8962962962962963,
        1.0,
        0.695364238410596,
        0.6623376623376623,
        0.7066666666666667
      ],
      [
        0.7181208053691275,
        0.8156028368794326,
        0.7902097902097902,
        0.695364238410596,
        0.695364238410596,
        1.0,
        0.7534246575342466,
        0.8156028368794326
      ],
      [
        0.6516129032258065,
        0.7297297297297297,
        0.695364238410596,
        0.620253164556962,
        0.6623376623376623,
        0.7534246575342466,
        1.0,
        0.7777777777777778
      ],
      [
        0.7066666666666667,
        0.7902097902097902,
        0.7655172413793103,
        0.6842105263157895,
        0.7066666666666667,
        0.8156028368794326,
        0.7777777777777778,
        1.0
      ]
    ]
  }
}
